2159552.39328828
2159560.1861376846
2159523.7549661864
2159561.756229157
2159522.471812954
2159526.269133805
2159548.1209583217
2159538.15302028
2159541.9275644943
2159537.393833281
2159561.566389035
2159523.0267384904
2159525.503883741
2159524.4509853646
2159531.672988185
2159536.549754363
2159562.0825087084
2159525.1961855097
2159531.2574941865
2159553.5341070965
2159543.22690427
2159524.2018044665
2159560.8610952655
2159523.0004761876
2159523.712665625
2159534.1272392287
2159561.033963771
2159530.5770274517
2159522.755967749
2159542.7427892038
2159537.405520881
2159568.3371560774
2159563.5596870356
2159544.6078109513
2159547.4865322663
2159560.8515075343
2159561.317070262
2159531.792584126
2159521.760314629
2159525.6094735963
2159522.0396013604
2159524.787259924
2159559.3066886324
2159535.1636147513
2159525.4294163743
2159560.9781765607
2159544.5050292886
2159552.0627284
2159547.3346225484
2159523.063989025
2159523.166500844
2159561.1750319744
2159564.062410288
